4.167 58
4.225 56
4.317 -1
4.411 -1
4.568 58
4.610 56
4.679 -1
4.956 55
4.987 -1
5.355 53
5.385 -1
5.601 -1
5.799 51
5.801 53
5.838 -1
6.154 53
6.163 -1
6.550 58
6.583 -1
6.622 56
6.683 -1
6.964 58
6.984 -1
7.372 -1
7.374 60
8.587 58
8.614 -1
8.990 60
9.014 -1
9.404 63
9.437 -1
9.545 62
9.604 -1
9.680 -1
9.794 62
9.929 60
9.988 -1
10.075 -1
10.178 60
10.538 58
10.578 -1
10.625 56
10.713 -1
10.853 -1
10.963 58
11.012 56
11.089 -1
11.395 55
11.447 -1
11.767 53
11.818 -1
12.026 -1
12.164 53
12.207 51
12.266 -1
12.569 53
12.590 -1
12.931 58
12.967 -1
13.007 56
13.061 -1
13.367 58
13.405 -1
13.746 60
13.748 -1
14.941 58
14.973 -1
15.357 60
15.372 -1
15.773 63
15.866 -1
15.892 62
15.960 -1
16.059 -1
16.159 62
16.257 60
16.342 -1
16.450 -1
16.525 60
17.173 -1
17.386 60
17.611 65
17.649 -1
17.687 63
17.755 -1
17.998 65
18.027 -1
18.546 63
18.585 -1
18.945 62
18.998 -1
19.359 -1
19.369 60
19.388 58
19.467 -1
19.793 60
19.794 -1
20.155 58
20.166 -1
20.380 60
20.395 -1
20.591 -1
20.615 65
20.750 63
20.793 -1
20.929 62
21.037 -1
21.333 60
21.363 -1
21.771 58
21.857 -1
21.863 56
21.960 -1
22.073 -1
22.173 58
22.228 56
22.285 -1
22.566 55
22.613 -1
22.926 53
22.971 -1
23.452 -1
23.810 60
24.129 65
24.161 -1
24.193 63
24.261 -1
24.491 65
24.514 -1
24.977 63
25.024 -1
25.329 62
25.384 -1
25.752 60
25.791 -1
25.817 58
25.875 -1
26.165 60
26.169 -1
26.523 58
26.532 -1
26.737 60
26.743 -1
26.968 65
26.969 -1
27.105 63
27.170 -1
27.398 62
27.507 -1
27.732 60
27.775 -1
28.187 58
28.253 56
28.257 -1
28.327 -1
28.471 -1
28.520 58
28.605 56
28.661 -1
28.976 55
29.035 -1
29.350 53
29.402 -1
29.619 -1
29.755 58
29.814 56
29.904 -1
30.053 -1
30.162 56
30.542 55
30.676 -1
30.945 53
30.961 -1
31.243 -1
31.338 53
31.409 51
31.481 -1
31.781 53
31.808 -1
32.142 58
32.191 -1
32.212 56
32.282 -1
32.562 58
32.611 -1
32.929 60
32.944 -1
34.173 58
34.252 -1
34.277 56
34.330 -1
34.573 60
34.601 -1
35.002 63
35.054 -1
35.167 62
35.232 -1
35.321 -1
35.383 62
35.552 60
35.644 -1
36.329 -1
42.996 60
43.266 63
43.290 -1
43.613 60
43.643 -1
43.875 65
43.916 -1
43.923 63
44.004 -1
44.221 65
44.272 -1
44.581 63
44.622 -1
45.002 65
45.045 -1
45.846 -1
46.179 60
46.426 65
46.476 -1
46.508 63
46.587 -1
46.774 65
46.813 -1
46.954 -1
47.107 68
47.230 67
47.315 -1
47.737 -1
47.809 67
47.917 65
48.173 -1
48.345 -1
48.444 65
49.212 -1
49.408 60
49.681 63
49.729 -1
49.936 -1
49.952 60
50.194 65
50.224 -1
50.264 63
50.327 -1
50.568 65
50.596 -1
50.939 -1
51.004 65
51.058 63
51.168 -1
51.530 65
51.579 -1
51.703 -1
51.814 65
52.165 60
52.226 -1
52.336 -1
52.540 60
52.790 65
52.852 -1
52.870 63
52.954 -1
53.141 65
53.185 -1
53.361 -1
53.496 68
53.600 67
53.682 -1
53.756 -1
53.809 67
54.120 -1
54.174 67
54.401 65
54.548 -1
54.620 -1
54.800 65
55.554 -1
55.772 65
56.033 67
56.061 -1
56.345 -1
56.363 65
56.648 67
56.674 -1
56.875 -1
57.000 65
57.114 63
57.203 -1
57.293 -1
57.364 65
57.414 63
57.484 -1
57.742 62
57.817 -1
58.145 60
58.189 -1
58.537 58
58.542 -1
58.751 60
58.760 -1
58.893 -1
58.968 65
59.108 63
59.160 -1
59.372 62
59.479 -1
59.769 60
59.824 -1
60.127 58
60.208 -1
60.232 56
60.303 -1
60.414 -1
60.488 58
60.581 56
60.672 -1
60.937 55
61.033 -1
61.308 53
61.383 -1
61.764 -1
62.263 60
62.604 -1
62.673 63
62.939 -1
62.944 65
63.134 -1
68.587 65
68.852 67
68.870 -1
69.116 -1
69.163 65
69.420 68
69.449 -1
69.529 67
69.594 -1
69.786 65
69.831 -1
70.100 63
70.150 -1
70.301 -1
71.746 65
72.019 -1
72.037 67
72.300 -1
72.305 65
72.585 70
72.599 -1
72.691 68
72.758 -1
72.992 67
73.059 -1
73.242 65
73.349 -1
73.774 -1
74.968 65
75.243 67
75.267 -1
75.576 65
75.590 -1
75.836 67
75.859 -1
76.080 -1
76.175 65
76.273 63
76.356 -1
76.493 -1
76.561 65
76.619 63
76.691 -1
76.959 62
77.037 -1
77.340 60
77.393 -1
77.710 -1
77.768 58
77.955 60
77.984 -1
78.213 -1
78.219 65
78.344 63
78.433 -1
78.606 62
78.724 -1
78.971 60
79.014 -1
79.396 58
79.479 56
79.487 -1
79.543 -1
79.659 -1
79.708 58
79.795 56
79.857 -1
80.163 55
80.284 -1
80.549 53
80.614 -1
80.882 -1
80.980 58
81.044 56
81.135 -1
81.246 -1
81.360 58
81.407 56
81.477 -1
81.759 55
81.857 -1
82.155 53
82.206 -1
82.945 51
83.013 -1
83.238 53
83.270 -1
83.570 58
83.621 -1
83.646 56
83.708 -1
83.871 58
83.926 -1
84.142 60
84.154 -1
85.326 58
85.354 -1
85.740 60
85.754 -1
86.136 63
86.152 -1
86.251 62
86.342 -1
86.460 -1
86.532 62
86.675 60
86.751 -1
86.852 -1
86.906 60
87.623 -1
