3.013 60
3.683 58
3.727 -1
3.743 56
3.801 -1
4.245 55
4.321 -1
4.452 53
4.493 -1
4.828 55
4.841 -1
5.143 53
5.163 -1
5.241 51
5.297 -1
5.540 53
5.594 -1
6.172 -1
6.265 53
6.999 58
7.067 -1
7.268 -1
7.388 58
7.605 -1
7.708 58
7.968 56
8.169 -1
8.381 -1
8.452 56
8.620 58
8.665 -1
8.818 60
8.839 -1
8.991 -1
9.011 63
9.233 62
9.275 -1
9.436 60
9.485 -1
9.620 58
9.686 -1
9.884 56
9.932 -1
10.277 55
10.327 -1
10.604 53
10.658 -1
10.970 55
11.000 -1
11.280 53
11.321 -1
11.344 51
11.417 -1
11.662 53
11.709 -1
11.977 -1
12.062 53
12.793 58
12.909 -1
13.054 -1
13.194 58
13.389 -1
13.519 58
13.830 56
13.930 -1
14.095 -1
14.112 58
14.197 56
14.241 -1
14.474 58
14.521 -1
15.078 -1
15.364 56
15.610 60
15.674 58
15.679 -1
15.737 -1
15.937 60
15.948 -1
16.176 -1
16.177 65
16.222 63
16.281 -1
16.511 -1
16.513 65
16.817 -1
16.898 68
17.000 67
17.088 -1
17.174 -1
17.231 67
17.333 65
17.431 -1
17.501 -1
17.566 65
17.990 60
18.021 -1
18.126 63
18.174 -1
18.315 65
18.335 -1
18.452 63
18.476 -1
18.585 -1
18.589 65
18.671 63
18.726 -1
18.802 62
18.840 -1
19.011 60
19.072 -1
19.145 -1
19.224 60
19.368 -1
19.471 60
19.593 58
19.632 -1
19.781 -1
19.814 63
19.933 60
19.992 -1
20.110 58
20.194 -1
20.258 56
20.400 -1
20.932 -1
21.176 56
21.413 60
21.448 58
21.449 -1
21.519 -1
21.718 60
21.729 -1
21.972 63
21.989 -1
22.230 -1
22.300 63
22.437 65
22.478 -1
22.659 -1
22.814 68
22.937 67
22.995 -1
23.078 -1
23.130 67
23.202 65
23.261 -1
23.354 -1
23.434 65
23.643 -1
23.793 65
24.323 63
24.360 -1
24.462 62
24.514 -1
24.668 60
24.728 -1
24.816 -1
24.887 60
25.093 -1
25.188 60
25.303 58
25.344 -1
25.497 -1
25.569 63
25.644 60
25.698 -1
25.822 58
25.865 -1
25.912 56
25.951 -1
26.046 58
26.067 -1
26.223 -1
26.298 58
26.471 -1
26.480 63
26.586 60
26.639 -1
26.737 58
26.797 -1
26.951 -1
26.976 60
27.210 58
27.242 -1
27.386 56
27.477 -1
27.705 55
27.756 -1
28.057 53
28.098 -1
28.441 55
28.458 -1
28.738 53
28.766 -1
28.783 51
28.854 -1
29.108 53
29.148 -1
29.429 -1
29.521 53
30.244 58
30.336 -1
30.507 -1
30.694 58
30.900 -1
31.017 58
31.298 56
31.439 -1
31.611 -1
31.679 56
31.750 58
31.771 -1
31.852 56
31.902 -1
32.138 58
32.163 -1
32.543 -1
32.821 60
33.144 58
33.186 -1
33.213 56
33.263 -1
33.535 55
33.601 -1
33.855 53
33.898 -1
34.255 55
34.266 -1
34.574 -1
34.585 53
34.652 51
34.700 -1
34.960 53
34.992 -1
35.188 -1
35.336 53
36.158 58
36.199 -1
36.438 -1
36.552 58
36.735 -1
36.825 58
37.270 56
37.324 -1
37.498 58
37.503 -1
37.596 56
37.638 -1
37.830 58
37.871 -1
38.496 -1
44.442 60
44.819 -1
44.995 60
45.101 -1
45.231 60
45.358 -1
45.517 60
45.677 58
45.725 -1
45.856 63
45.894 -1
46.032 60
46.081 -1
46.227 58
46.296 -1
46.296 56
46.337 -1
46.566 58
46.610 -1
47.175 -1
47.356 60
47.498 -1
47.605 60
47.879 65
47.903 -1
47.950 63
48.023 -1
48.092 -1
48.208 63
48.427 65
48.477 -1
48.638 -1
48.795 65
48.955 63
49.001 -1
49.152 65
49.199 -1
49.896 60
50.017 -1
50.188 -1
50.297 60
50.508 -1
50.545 60
50.696 -1
50.785 60
50.949 -1
51.070 60
51.197 -1
51.307 60
51.506 58
51.547 -1
51.702 63
51.710 -1
51.801 60
51.857 -1
52.007 58
52.091 -1
52.100 56
52.152 -1
52.400 58
52.455 -1
52.673 -1
52.835 60
53.036 -1
53.181 60
53.506 65
53.533 -1
53.569 63
53.647 -1
53.742 -1
53.890 63
54.207 -1
54.298 65
54.561 -1
54.645 67
54.769 65
54.831 -1
54.926 -1
55.012 65
55.649 -1
56.065 60
56.321 65
56.360 -1
56.385 63
56.458 -1
56.591 -1
56.618 65
56.808 68
56.827 -1
56.931 67
56.992 -1
57.077 -1
57.163 67
57.421 -1
57.528 67
57.649 65
57.694 -1
57.794 -1
57.884 65
58.430 -1
58.656 65
58.791 63
58.851 -1
58.956 -1
58.990 65
59.068 63
59.132 -1
59.387 62
59.426 -1
59.482 -1
59.564 62
59.687 60
59.750 -1
59.888 -1
60.103 60
60.487 58
60.559 -1
60.677 56
60.772 -1
61.551 -1
62.191 60
62.447 -1
62.523 65
62.571 63
62.625 -1
62.747 65
62.757 -1
62.886 -1
63.028 68
63.120 67
63.183 -1
63.274 -1
63.369 67
63.461 65
63.538 -1
63.617 -1
63.722 65
63.962 -1
64.058 65
64.303 -1
64.482 65
64.627 63
64.670 -1
64.743 -1
64.819 65
64.914 63
64.961 -1
65.174 62
65.194 -1
65.317 60
65.370 -1
65.443 -1
65.528 60
65.756 -1
65.895 60
65.933 58
65.991 -1
66.366 -1
66.465 56
66.755 -1
66.825 56
66.944 58
66.977 -1
67.106 60
67.115 -1
67.276 -1
67.297 63
67.402 60
67.446 -1
67.790 58
67.848 -1
67.894 56
67.947 -1
68.321 55
68.428 -1
68.715 53
68.770 -1
69.147 55
69.166 -1
69.472 53
69.529 -1
69.536 51
69.601 -1
69.864 53
69.899 -1
70.103 -1
70.210 53
70.963 58
71.073 -1
71.201 -1
71.375 58
71.527 -1
71.672 58
71.822 56
71.899 -1
72.301 -1
72.412 56
72.592 58
72.618 -1
72.792 60
72.810 -1
73.000 -1
73.014 63
73.165 60
73.207 -1
73.542 58
73.602 -1
73.670 56
73.750 -1
74.206 55
74.271 -1
74.605 53
74.652 -1
74.966 55
74.986 -1
75.283 53
75.319 -1
75.360 51
75.426 -1
75.707 53
75.748 -1
75.968 -1
76.060 53
76.799 58
76.945 -1
77.085 -1
77.198 58
77.464 -1
77.563 58
77.908 56
77.979 -1
78.115 -1
78.128 58
78.225 56
78.263 -1
78.502 58
78.605 -1
79.359 -1
