3.833 65
3.987 -1
4.175 65
4.508 63
4.512 -1
4.679 -1
4.697 65
4.847 63
4.877 -1
4.985 62
5.016 -1
5.133 60
5.161 -1
5.366 62
5.381 -1
5.489 60
5.496 -1
5.678 58
5.703 -1
5.887 56
5.897 -1
6.006 -1
6.023 58
6.145 56
6.180 -1
6.310 55
6.337 -1
6.505 53
6.517 -1
6.593 51
6.641 -1
6.878 -1
6.899 53
7.132 -1
7.238 53
7.337 58
7.421 -1
7.462 56
7.542 -1
7.986 60
8.109 -1
8.143 58
8.219 -1
8.632 -1
8.637 60
9.286 65
9.317 -1
9.507 -1
9.625 65
9.877 -1
9.987 63
10.153 -1
10.163 65
10.288 63
10.332 -1
10.517 62
10.539 -1
10.666 60
10.700 -1
10.841 -1
10.867 62
11.001 60
11.026 -1
11.167 58
11.208 -1
11.333 56
11.356 -1
11.515 -1
11.539 58
11.641 56
11.672 -1
11.817 55
11.855 -1
12.018 53
12.068 -1
12.110 51
12.161 -1
12.357 53
12.392 -1
12.599 -1
12.701 53
12.824 58
12.907 -1
13.011 56
13.085 -1
13.299 -1
13.367 56
13.532 60
13.579 -1
13.590 58
13.682 -1
14.102 -1
14.114 60
14.671 -1
14.812 60
14.983 58
15.048 -1
15.143 63
15.146 -1
15.317 60
15.345 -1
15.484 58
15.548 -1
15.558 56
15.606 -1
16.032 58
16.035 -1
16.159 56
16.190 -1
16.337 58
16.362 -1
17.426 -1
17.552 58
17.629 56
17.678 -1
17.890 58
17.929 -1
18.229 60
18.299 -1
18.464 -1
18.586 60
18.732 63
18.752 -1
18.896 60
18.916 -1
19.092 63
19.122 -1
20.092 -1
20.265 60
20.426 58
20.465 -1
20.638 63
20.642 -1
20.754 60
20.792 -1
20.920 58
20.991 -1
21.004 56
21.052 -1
21.206 -1
21.281 56
21.440 58
21.463 -1
21.598 56
21.623 -1
21.755 58
21.777 -1
22.833 -1
22.998 58
23.054 56
23.104 -1
23.361 58
23.387 -1
23.701 60
23.732 -1
23.913 -1
24.031 60
24.197 63
24.221 -1
24.339 60
24.356 -1
24.491 63
24.521 -1
25.587 -1
25.811 60
26.126 63
26.149 -1
26.400 -1
26.457 67
26.538 65
26.606 -1
26.732 67
26.739 -1
26.825 70
26.861 -1
26.929 68
26.996 -1
27.180 67
27.243 -1
27.458 65
27.485 -1
27.753 63
27.792 -1
28.063 -1
28.082 65
28.188 63
28.217 -1
28.287 -1
28.328 59
28.329 60
28.405 -1
28.514 -1
28.652 56
28.784 58
28.831 -1
28.941 60
28.960 -1
29.083 63
29.094 -1
29.217 -1
29.219 60
29.352 63
29.388 -1
29.516 -1
29.576 65
29.759 67
29.762 -1
29.946 65
30.006 -1
30.043 63
30.104 -1
30.271 60
30.330 -1
30.362 62
30.418 -1
30.589 58
30.629 -1
30.817 56
30.867 -1
31.021 58
31.055 -1
31.224 -1
31.288 63
31.463 -1
31.576 65
31.728 -1
31.906 63
32.093 -1
32.109 65
32.239 63
32.288 -1
32.411 62
32.448 -1
32.559 60
32.582 -1
32.714 -1
32.746 62
32.899 60
32.908 -1
33.113 58
33.127 -1
33.301 56
33.327 -1
33.448 -1
33.454 58
33.612 56
33.644 -1
33.789 55
33.820 -1
33.980 53
34.037 -1
34.078 51
34.125 -1
34.338 53
34.350 -1
34.546 -1
34.653 53
34.757 58
34.857 -1
34.911 56
34.994 -1
35.284 -1
35.387 56
35.516 60
35.573 -1
35.578 58
35.666 -1
36.024 -1
36.046 60
37.145 -1
43.262 60
43.514 -1
43.629 60
43.824 -1
43.975 60
44.128 -1
44.276 60
44.445 58
44.497 -1
44.585 63
44.602 -1
44.750 60
44.784 -1
44.936 58
44.996 -1
45.011 56
45.051 -1
45.269 58
45.308 -1
45.620 60
45.639 -1
45.819 -1
45.953 60
46.102 65
46.150 -1
46.179 63
46.247 -1
46.569 -1
46.675 63
46.991 65
47.044 -1
47.556 -1
47.559 63
47.687 65
47.720 -1
48.273 -1
48.390 60
48.608 -1
48.768 60
48.922 -1
49.072 60
49.259 -1
49.382 60
49.611 -1
49.759 60
49.914 58
49.956 -1
50.041 63
50.058 -1
50.180 60
50.219 -1
50.382 58
50.444 -1
50.457 56
50.502 -1
50.746 58
50.779 -1
51.087 60
51.109 -1
51.311 -1
51.415 60
51.586 65
51.664 63
51.668 -1
51.737 -1
52.019 -1
52.120 65
52.176 63
52.250 -1
52.478 65
52.518 -1
53.047 63
53.065 -1
53.172 65
53.203 -1
53.835 -1
53.873 60
54.000 -1
54.164 60
54.328 65
54.373 -1
54.446 63
54.517 -1
54.709 65
54.726 -1
54.868 -1
55.030 68
55.140 67
55.189 -1
55.279 -1
55.348 67
55.616 65
55.675 -1
55.845 -1
55.937 65
56.086 63
56.135 -1
56.271 67
56.291 -1
56.407 65
56.479 -1
56.627 63
56.698 -1
57.942 62
58.042 -1
58.112 60
58.156 -1
58.426 65
58.436 -1
58.499 63
58.559 -1
58.672 65
58.691 -1
58.842 63
58.895 -1
58.961 62
59.059 -1
59.286 60
59.340 -1
59.554 -1
59.682 60
59.869 65
59.917 -1
59.945 63
60.022 -1
60.192 65
60.244 -1
60.384 -1
60.512 68
60.602 67
60.669 -1
60.732 -1
60.799 67
61.087 65
61.163 -1
61.316 -1
61.425 65
61.554 63
61.619 -1
61.761 67
61.784 -1
61.902 65
61.978 -1
62.094 63
62.170 -1
63.008 -1
63.156 63
63.314 62
63.359 -1
63.432 60
63.475 -1
63.668 65
63.681 -1
63.755 63
63.806 -1
63.919 -1
63.935 65
64.108 63
64.161 -1
64.273 62
64.386 -1
64.562 60
64.634 -1
64.991 -1
65.139 60
65.375 -1
65.519 60
65.715 -1
65.844 60
66.165 58
66.218 -1
66.231 56
66.284 -1
66.536 58
66.569 -1
66.772 -1
66.890 58
67.111 -1
67.246 58
67.584 53
67.591 -1
67.643 51
67.715 -1
67.950 53
67.968 -1
68.243 58
68.261 -1
68.310 56
68.354 -1
68.629 58
68.642 -1
68.959 56
68.987 -1
69.295 55
69.361 -1
69.629 53
69.704 -1
69.724 51
69.776 -1
69.989 53
70.020 -1
70.492 -1
70.694 60
71.230 -1
71.368 60
71.682 58
71.718 -1
71.756 56
71.791 -1
72.039 58
72.070 -1
72.238 -1
72.352 58
72.573 -1
72.697 58
73.050 53
73.052 -1
73.128 51
73.196 -1
73.419 -1
73.420 53
73.692 58
73.699 -1
73.786 56
73.836 -1
74.100 58
74.105 -1
74.433 56
74.478 -1
74.732 55
74.812 -1
75.108 53
75.145 -1
75.199 51
75.256 -1
75.475 53
75.509 -1
75.957 -1
76.100 53
76.165 51
76.223 -1
76.393 53
76.405 -1
76.595 -1
76.621 58
76.685 56
76.731 -1
76.905 58
76.919 -1
77.162 -1
77.200 60
77.361 -1
77.363 63
77.488 60
77.489 -1
77.661 58
77.720 -1
77.813 56
77.840 -1
78.157 58
78.178 -1
78.438 -1
78.508 56
78.716 58
78.753 -1
78.874 60
78.887 -1
79.030 63
79.048 -1
79.170 60
79.175 -1
79.343 63
79.379 -1
79.496 -1
79.572 65
79.783 67
79.786 -1
79.965 65
79.977 -1
80.087 63
80.121 -1
80.285 62
80.323 -1
80.416 60
80.471 -1
81.280 -1
81.612 53
81.676 51
81.724 -1
81.909 53
81.934 -1
82.165 58
82.177 -1
82.232 56
82.281 -1
82.462 58
82.485 -1
82.711 -1
82.728 60
82.913 63
82.950 -1
83.023 60
83.034 -1
83.241 58
83.302 -1
83.422 56
83.483 -1
83.700 58
83.712 -1
84.019 -1
84.029 56
84.202 58
84.222 -1
84.379 60
84.391 -1
84.545 63
84.565 -1
84.681 60
84.689 -1
84.869 63
84.916 -1
85.069 -1
85.108 65
85.277 67
85.296 -1
85.428 65
85.459 -1
85.560 63
85.619 -1
85.728 62
85.794 -1
85.909 60
85.966 -1
86.079 -1
86.131 65
86.318 -1
86.464 65
86.732 -1
86.755 63
86.905 65
86.925 -1
87.115 63
87.155 -1
87.287 62
87.323 -1
87.502 60
87.527 -1
87.679 -1
87.701 62
87.863 60
87.869 -1
88.004 58
88.061 -1
88.176 56
88.199 -1
88.356 -1
88.359 58
88.479 56
88.508 -1
88.621 55
88.650 -1
88.798 53
88.865 -1
88.903 51
88.967 -1
89.157 53
89.192 -1
89.426 -1
89.515 53
89.600 58
89.721 56
89.738 -1
89.814 -1
90.073 -1
90.196 56
90.342 60
90.403 -1
90.422 58
90.500 -1
90.909 -1
90.923 60
91.482 -1
91.910 65
92.273 63
92.291 -1
92.450 -1
92.474 65
92.583 63
92.615 -1
92.772 62
92.820 -1
92.902 60
92.942 -1
93.081 -1
93.137 62
93.266 60
93.290 -1
93.486 58
93.507 -1
93.627 56
93.645 -1
93.801 58
93.802 -1
93.945 56
93.976 -1
94.105 55
94.134 -1
94.320 53
94.365 -1
94.429 51
94.506 -1
94.703 53
94.727 -1
94.909 -1
95.011 53
95.159 58
95.227 -1
95.285 56
95.356 -1
95.610 -1
95.711 56
95.884 60
95.918 -1
96.000 58
96.067 -1
96.343 -1
96.377 60
97.329 -1
